758814393286000641 1132132379692118129 58
352238126158184448 1132132379692118129 5000108
851282973394206751 1132132379692118129 265
1001078211670724739 1132132379692118129 -2147483599
1066783969930137682 1132132379692118129 145
755398009688424500 1132132379692118129 5
1109446351630123161 1132132379692118129 555
339828100357554185 1132132379692118129 2
222354335143559168 1132132379692118129 3
958294543495757844 1132132379692118129 9
867008365468712970 1132132379692118129 3
1188794992496488468 1132132379692118129 2
1071836385624997958 1132132379692118129 2
103074587478073344 1132132379692118129 5002
313008767727828996 1132132379692118129 5013
352546380641992705 1132132379692118129 1
695710514944278529 1132132379692118129 1
917935628191141940 1132132379692118129 27
779440047635038280 1132132379692118129 1
321741603691692032 1132132379692118129 14
1066783969930137682  3
163338470046171136 1132132379692118129 1
1123011136695062642 1132132379692118129 105
762344401593827348 1132132379692118129 1
429818222817181717 1132132379692118129 1
334934512758947841 1132132379692118129 1
828157311574867998 1132132379692118129 7
177564457260679168 1132132379692118129 2
330602482134679554 1132132379692118129 11
